000
002
005
006
007
008
009
012
014
015
017
018
019
021
022
023
024
025
026
027
028
029
030
031
033
034
035
036
037
038
039
040
041
042
043
045
046
047
048
049
051
052
053
055
056
057
058
059
060
061
063
065
066
067
068
069
070
071
072
074
075
076
078
079
081
082
083
084
085
086
088
089
092
093
094
095
096
097
098
099
100
101
103
104
105
107
110
112
113
114
115
116
117
118
119
120
123
124
128
130
131
132
135
136
137
138
139
140
141
142
143
145
146
147
148
149
150
152
154
155
157
158
159
160
161
162
165
166
167
168
170
171
172
173
174
175
177
178
179
180
181
182
183
184
185
187
188
189
190
191
192
193
195
198
199
200
201
203
204
205
207
208
209
210
212
215
216
218
219
220
221
222
223
225
226
227
229
230
231
233
234
235
236
237
238
239
240
241
242
243
244
246
248
249
250
252
253
254
255
257
260
261
262
263
264
265
266
267
268
270
271
272
273
275
276
277
278
279
280
281
282
284
285
286
287
288
289
290
291
292
293
294
295
296
297
298
299
300
304
305
306
307
308
309
310
311
312
313
314
315
316
318
319
320
321
322
323
324
325
327
332
333
334
335
336
337
339
340
342
343
344
345
346
347
348
349
350
351
352
353
355
356
357
358
359
360
361
362
363
364
365
366
367
369
370
372
373
374
375
376
377
378
380
382
383
384
387
389
390
391
392
393
394
395
396
397
399
400
403
404
405
406
407
408
409
410
411
412
413
414
415
416
417
418
419
420
422
423
424
426
428
429
431
433
434
436
437
438
439
440
441
442
443
445
446
447
448
449
450
451
452
453
454
455
457
458
459
461
462
463
464
466
467
470
471
472
473
474
476
477
478
479
480
481
482
483
484
485
486
488
489
491
492
494
495
496
498
499
500
501
502
503
504
505
506
512
513
514
515
516
517
518
519
520
521
523
524
525
526
528
529
530
531
532
533
535
536
537
538
539
540
541
542
544
545
546
547
548
549
551
552
553
555
557
558
559
560
562
563
564
565
566
567
570
572
574
575
576
577
578
579
583
584
585
586
587
588
590
591
592
593
594
595
596
597
598
600
601
602
603
604
606
611
612
613
614
615
618
621
622
623
624
625
626
627
628
629
630
631
632
635
636
637
638
639
640
642
643
644
645
646
648
650
651
652
653
654
655
656
657
658
659
661
662
665
666
667
668
669
670
671
672
673
674
675
676
677
678
679
680
681
682
683
684
685
687
688
689
690
691
692
693
694
695
696
697
698
699
700
703
704
705
706
707
708
710
711
713
714
715
716
717
718
720
721
724
726
727
728
729
731
732
733
734
735
736
740
741
742
745
746
747
748
749
750
751
752
754
755
756
757
758
759
762
763
764
765
766
767
768
769
770
771
772
775
776
777
779
780
782
783
784
785
788
789
790
791
792
793
794
795
796
798
799
800
801
802
804
805
806
809
810
811
812
814
815
816
817
818
820
822
824
825
826
827
828
829
830
831
832
833
834
835
836
838
839
840
843
844
846
847
849
850
852
853
854
855
857
858
859
860
861
862
863
864
865
866
867
868
869
871
872
873
875
876
877
879
881
882
883
884
885
886
887
888
889
891
892
893
894
895
896
897
898
899
900
901
902
903
904
905
906
908
909
910
911
912
913
914
916
918
919
921
922
923
924
925
926
927
929
930
931
933
934
936
937
938
940
941
942
943
944
945
946
949
950
952
953
954
955
957
958
959
960
961
962
963
964
965
966
967
968
969
970
971
972
973
974
975
976
977
978
979
980
981
983
985
987
988
989
990
991
992
993
994
995
996
997
998
999
